[1.00] InBody | Box: [[94, 75], [769, 112], [758, 306], [84, 269]]
[1.00] [InBody270] | Box: [[1568, 249], [1844, 244], [1845, 297], [1570, 302]]
[0.95] 스포애니 명일역점 | Box: [[1974, 240], [2765, 256], [2763, 355], [1972, 339]]
[1.00] 회원번호 | Box: [[132, 294], [333, 304], [330, 364], [130, 354]]
[1.00] 신장 | Box: [[664, 306], [768, 312], [764, 374], [660, 368]]
[1.00] 연령 | Box: [[974, 311], [1073, 311], [1073, 373], [974, 373]]
[1.00] 성별 | Box: [[1178, 314], [1277, 314], [1277, 373], [1178, 373]]
[1.00] 검사일시 | Box: [[1383, 314], [1569, 314], [1569, 370], [1383, 370]]
[1.00] 170cm | Box: [[673, 371], [805, 374], [804, 423], [672, 420]]
[1.00] 30 | Box: [[979, 374], [1042, 374], [1042, 424], [979, 424]]
[1.00] 남성 | Box: [[1181, 372], [1278, 372], [1278, 426], [1181, 426]]
[1.00] 2026.01.21.07:11 | Box: [[1389, 373], [1795, 368], [1795, 413], [1390, 418]]
[1.00] 체성분분석 | Box: [[124, 514], [434, 520], [433, 589], [122, 583]]
[0.97] IBody Composition Analysis | Box: [[413, 537], [881, 539], [880, 591], [413, 589]]
[1.00] 인바디점수 | Box: [[1928, 549], [2185, 545], [2186, 604], [1929, 608]]
[0.95] 'InBody seore | Box: [[2177, 569], [2335, 572], [2334, 607], [2176, 604]]
[0.96] 우리 몸을 이루고 있는 물 | Box: [[129, 607], [635, 610], [635, 675], [129, 672]]
[1.00] 체수분 | Box: [[1024, 609], [1175, 607], [1176, 666], [1025, 668]]
[0.77] (1.) | Box: [[1199, 610], [1284, 610], [1284, 660], [1199, 660]]
[1.00] 41.7 | Box: [[1357, 608], [1480, 606], [1481, 658], [1358, 660]]
[1.00] (35.7~43.7) | Box: [[1529, 612], [1813, 610], [1813, 654], [1529, 656]]
[1.00] 73/100점 | Box: [[2219, 609], [2549, 619], [2546, 729], [2216, 719]]
[0.86] 근육을면 | Box: [[135, 694], [305, 694], [305, 751], [135, 751]]
[0.99] 만들어 주는 | Box: [[279, 693], [519, 696], [518, 756], [278, 753]]
[1.00] 단백질 | Box: [[1025, 687], [1177, 684], [1178, 746], [1026, 749]]
[1.00] (kg) | Box: [[1201, 689], [1284, 689], [1284, 740], [1201, 740]]
[0.95] 11.4 ( 9 | Box: [[1362, 687], [1607, 687], [1607, 739], [1362, 739]]
[1.00] 9.5~11.7) | Box: [[1580, 690], [1814, 688], [1814, 732], [1580, 734]]
[1.00] *체성분 종합점수입니다.근육이 매우 많은 경우 | Box: [[1918, 731], [2832, 728], [2833, 792], [1918, 795]]
[1.00] 뼈를 | Box: [[137, 776], [238, 778], [236, 835], [135, 833]]
[0.99] 튼튼하게 | Box: [[239, 776], [418, 779], [417, 837], [238, 834]]
[1.00] 무기질 | Box: [[1024, 768], [1177, 766], [1178, 827], [1025, 829]]
[1.00] (kg) | Box: [[1201, 769], [1284, 769], [1284, 821], [1201, 821]]
[1.00] 3.99 | Box: [[1359, 768], [1482, 766], [1483, 817], [1360, 819]]
[1.00] (3.30~4.04) | Box: [[1526, 770], [1811, 768], [1811, 813], [1526, 815]]
[1.00] 해주는 | Box: [[419, 781], [562, 781], [562, 840], [419, 840]]
[1.00] 100점을 넘을 수 있습니다. | Box: [[1952, 792], [2457, 779], [2459, 833], [1954, 846]]
[0.99] 에너지를 | Box: [[241, 857], [418, 861], [417, 919], [240, 915]]
[1.00] 체지방 | Box: [[1025, 848], [1178, 848], [1178, 909], [1025, 909]]
[1.00] 남는 | Box: [[139, 860], [227, 860], [227, 914], [139, 914]]
[1.00] 놓은 | Box: [[559, 860], [654, 854], [657, 913], [562, 919]]
[0.94] (kg) | Box: [[1202, 851], [1285, 851], [1285, 903], [1202, 903]]
[1.00] 20.6 | Box: [[1360, 852], [1487, 850], [1488, 898], [1361, 900]]
[1.00] 저장해 | Box: [[423, 863], [562, 863], [562, 921], [423, 921]]
[1.00] 7.6~15.3) | Box: [[1579, 854], [1809, 854], [1809, 895], [1579, 895]]
[1.00] 체중조절 | Box: [[1926, 857], [2136, 857], [2136, 920], [1926, 920]]
[0.97] Weight Control | Box: [[2108, 875], [2305, 873], [2305, 917], [2109, 919]]
[1.00] 67.2kg | Box: [[2335, 910], [2528, 917], [2526, 977], [2333, 970]]
[1.00] 체수분,단백질, | Box: [[134, 938], [441, 940], [441, 999], [134, 997]]
[0.96] 체지방을 모두 합하면 체 중 | Box: [[589, 934], [1184, 926], [1185, 988], [590, 996]]
[1.00] (kg) | Box: [[1202, 931], [1284, 931], [1284, 982], [1202, 982]]
[1.00] 77.7 | Box: [[1362, 929], [1488, 929], [1488, 980], [1362, 980]]
[1.00] (54.1~73.1) | Box: [[1525, 932], [1812, 932], [1812, 976], [1525, 976]]
[1.00] 적정체중 | Box: [[1925, 930], [2108, 928], [2109, 988], [1925, 990]]
[0.97] 무기질, | Box: [[444, 942], [592, 942], [592, 997], [444, 997]]
[0.00]  | Box: [[1470, 941], [1534, 941], [1534, 967], [1470, 967]]
[1.00] -10.5kg | Box: [[2307, 965], [2527, 975], [2525, 1032], [2304, 1022]]
[1.00] 체중조절 | Box: [[1924, 988], [2106, 986], [2107, 1043], [1924, 1045]]
[1.00] -10.5kg | Box: [[2304, 1021], [2526, 1030], [2524, 1087], [2302, 1078]]
[1.00] 지방조절 | Box: [[1923, 1045], [2106, 1042], [2107, 1099], [1924, 1102]]
[1.00] 0.0kg | Box: [[2365, 1076], [2527, 1083], [2525, 1144], [2363, 1137]]
[1.00] 근육조절 | Box: [[1922, 1104], [2105, 1096], [2107, 1150], [1924, 1158]]
[1.00] 골격근·지방분석 | Box: [[128, 1128], [572, 1128], [572, 1193], [128, 1193]]
[0.99] Muscle-Fat Analysis | Box: [[573, 1149], [908, 1149], [908, 1190], [573, 1190]]
[0.85] 비만평가obesit Ealiation | Box: [[1924, 1161], [2350, 1155], [2351, 1219], [1925, 1225]]
[1.00] 표준이하 | Box: [[557, 1202], [707, 1202], [707, 1248], [557, 1248]]
[1.00] 표준 | Box: [[869, 1199], [949, 1201], [947, 1248], [867, 1246]]
[1.00] 표준이상 | Box: [[1361, 1201], [1507, 1199], [1508, 1245], [1362, 1247]]
[1.00] 표준 | Box: [[2172, 1224], [2306, 1221], [2307, 1275], [2173, 1278]]
[1.00] 저체중 | Box: [[2371, 1220], [2539, 1220], [2539, 1277], [2371, 1277]]
[0.84] 관체중 | Box: [[2603, 1218], [2777, 1218], [2777, 1288], [2603, 1288]]
[0.99] BMI | Box: [[1924, 1240], [2034, 1235], [2036, 1284], [1926, 1289]]
[1.00] 205 | Box: [[1699, 1257], [1752, 1257], [1752, 1289], [1699, 1289]]
[1.00] % | Box: [[1785, 1250], [1817, 1250], [1817, 1282], [1785, 1282]]
[1.00] 체중 | Box: [[134, 1268], [245, 1268], [245, 1325], [134, 1325]]
[1.00] 55 | Box: [[537, 1268], [573, 1268], [573, 1299], [537, 1299]]
[1.00] 70 | Box: [[656, 1267], [693, 1267], [693, 1298], [656, 1298]]
[1.00] 85 | Box: [[773, 1265], [811, 1265], [811, 1295], [773, 1295]]
[1.00] 100 | Box: [[881, 1267], [931, 1267], [931, 1296], [881, 1296]]
[1.00] 115 | Box: [[998, 1266], [1048, 1266], [1048, 1297], [998, 1297]]
[1.00] 130 | Box: [[1116, 1266], [1168, 1266], [1168, 1296], [1116, 1296]]
[1.00] 145 | Box: [[1236, 1266], [1287, 1268], [1285, 1299], [1234, 1297]]
[1.00] 160 | Box: [[1352, 1266], [1401, 1266], [1401, 1297], [1352, 1297]]
[1.00] 175 | Box: [[1467, 1264], [1517, 1264], [1517, 1295], [1467, 1295]]
[1.00] 190 | Box: [[1582, 1260], [1634, 1258], [1636, 1290], [1584, 1292]]
[1.00] 심한과체중 | Box: [[2652, 1270], [2831, 1272], [2830, 1322], [2652, 1320]]
[0.99] (kg) | Box: [[388, 1280], [480, 1286], [476, 1340], [385, 1334]]
[1.00] 77.7 | Box: [[1107, 1292], [1232, 1295], [1231, 1347], [1106, 1344]]
[0.91] Weight | Box: [[134, 1314], [233, 1316], [232, 1352], [133, 1350]]
[1.00] √비만 | Box: [[2604, 1337], [2738, 1341], [2736, 1405], [2603, 1401]]
[1.00] % | Box: [[1787, 1358], [1817, 1358], [1817, 1386], [1787, 1386]]
[1.00] 표준 | Box: [[2172, 1355], [2305, 1352], [2306, 1402], [2173, 1405]]
[1.00] 경도비만 | Box: [[2374, 1351], [2574, 1351], [2574, 1400], [2374, 1400]]
[1.00] 골격근량 | Box: [[129, 1361], [346, 1361], [346, 1428], [129, 1428]]
[1.00] 120 | Box: [[1117, 1371], [1169, 1371], [1169, 1401], [1117, 1401]]
[1.00] 160 | Box: [[1587, 1367], [1637, 1367], [1637, 1396], [1587, 1396]]
[1.00] 170 | Box: [[1702, 1364], [1754, 1364], [1754, 1394], [1702, 1394]]
[1.00] 체지방률 | Box: [[1924, 1362], [2109, 1358], [2111, 1414], [1926, 1418]]
[0.96] 70 | Box: [[537, 1375], [575, 1375], [575, 1404], [537, 1404]]
[1.00] 80 | Box: [[656, 1376], [695, 1376], [695, 1402], [656, 1402]]
[1.00] 90 | Box: [[775, 1372], [813, 1372], [813, 1400], [775, 1400]]
[1.00] 100 | Box: [[882, 1372], [930, 1372], [930, 1400], [882, 1400]]
[1.00] 110 | Box: [[1001, 1373], [1048, 1373], [1048, 1401], [1001, 1401]]
[1.00] 130 | Box: [[1240, 1374], [1288, 1374], [1288, 1401], [1240, 1401]]
[1.00] 140 | Box: [[1355, 1374], [1402, 1374], [1402, 1402], [1355, 1402]]
[1.00] 150 | Box: [[1469, 1372], [1518, 1370], [1519, 1398], [1470, 1400]]
[1.00] (kg) | Box: [[390, 1389], [475, 1389], [475, 1444], [390, 1444]]
[1.00] 32.5 | Box: [[1028, 1400], [1152, 1400], [1152, 1452], [1028, 1452]]
[0.94] Skelctal Muscle Mass | Box: [[135, 1422], [404, 1420], [404, 1450], [135, 1452]]
[1.00] 복부지방률 | Box: [[1924, 1439], [2184, 1434], [2186, 1497], [1926, 1502]]
[1.00] 520 | Box: [[1703, 1471], [1754, 1473], [1752, 1504], [1701, 1502]]
[1.00] % | Box: [[1786, 1464], [1819, 1464], [1819, 1495], [1786, 1495]]
[0.99] Waist-Hip Ratio | Box: [[2180, 1462], [2362, 1456], [2363, 1488], [2181, 1494]]
[1.00] 체지방량 | Box: [[132, 1475], [342, 1475], [342, 1535], [132, 1535]]
[1.00] 40 | Box: [[536, 1483], [575, 1483], [575, 1511], [536, 1511]]
[1.00] 60 | Box: [[658, 1484], [694, 1484], [694, 1509], [658, 1509]]
[1.00] 80 | Box: [[777, 1480], [814, 1480], [814, 1508], [777, 1508]]
[1.00] 100 | Box: [[882, 1482], [931, 1482], [931, 1509], [882, 1509]]
[1.00] 160 | Box: [[999, 1484], [1049, 1484], [1049, 1511], [999, 1511]]
[1.00] 220 | Box: [[1118, 1482], [1170, 1482], [1170, 1513], [1118, 1513]]
[1.00] 280 | Box: [[1238, 1483], [1290, 1483], [1290, 1513], [1238, 1513]]
[1.00] 340 | Box: [[1354, 1483], [1404, 1483], [1404, 1512], [1354, 1512]]
[1.00] 400 | Box: [[1468, 1479], [1519, 1477], [1520, 1508], [1469, 1510]]
[1.00] 460 | Box: [[1584, 1475], [1635, 1473], [1637, 1503], [1586, 1505]]
[0.94] 0.80 0.90 | Box: [[2485, 1481], [2728, 1485], [2727, 1537], [2484, 1533]]
[1.00] (kg) | Box: [[391, 1494], [476, 1500], [472, 1551], [387, 1545]]
[1.00] 20.6 | Box: [[1162, 1513], [1288, 1513], [1288, 1564], [1162, 1564]]
[1.00] Body Fat Mass | Box: [[131, 1531], [328, 1531], [328, 1565], [131, 1565]]
[1.00] 0.93 | Box: [[2077, 1541], [2209, 1534], [2212, 1589], [2079, 1596]]
[1.00] 내장지방레벨 | Box: [[1927, 1624], [2235, 1619], [2236, 1681], [1928, 1686]]
[1.00] Visceral Fat Level | Box: [[2232, 1649], [2430, 1643], [2431, 1671], [2233, 1677]]
[0.98] 낮음 | Box: [[2385, 1675], [2466, 1670], [2468, 1717], [2387, 1722]]
[1.00] 10 | Box: [[2571, 1669], [2636, 1665], [2639, 1716], [2574, 1720]]
[1.00] 높음 | Box: [[2733, 1667], [2819, 1667], [2819, 1716], [2733, 1716]]
[1.00] 비만분석 | Box: [[120, 1692], [367, 1696], [366, 1763], [118, 1759]]
[0.98] Obesity Analysis | Box: [[373, 1718], [658, 1722], [658, 1767], [373, 1763]]
[1.00] 8 | Box: [[2180, 1724], [2218, 1724], [2218, 1774], [2180, 1774]]
[1.00] 표준이하 | Box: [[555, 1775], [709, 1775], [709, 1818], [555, 1818]]
[1.00] 표준 | Box: [[873, 1774], [951, 1774], [951, 1815], [873, 1815]]
[1.00] 표준이상 | Box: [[1366, 1770], [1512, 1770], [1512, 1816], [1366, 1816]]
[1.00] 연구항목 | Box: [[1929, 1800], [2134, 1798], [2135, 1859], [1929, 1861]]
[1.00] BMI | Box: [[123, 1836], [261, 1836], [261, 1886], [123, 1886]]
[1.00] 50.0 | Box: [[1585, 1834], [1652, 1834], [1652, 1867], [1585, 1867]]
[0.93] 55.0 | Box: [[1703, 1834], [1770, 1834], [1770, 1867], [1703, 1867]]
[1.00] Research Parameters | Box: [[2130, 1827], [2357, 1825], [2357, 1853], [2131, 1855]]
[1.00] 10.0 | Box: [[520, 1845], [585, 1845], [585, 1875], [520, 1875]]
[1.00] 15.0 | Box: [[643, 1844], [708, 1844], [708, 1873], [643, 1873]]
[1.00] 18.5 | Box: [[763, 1843], [827, 1841], [828, 1870], [764, 1872]]
[1.00] 22.0 | Box: [[882, 1841], [948, 1841], [948, 1870], [882, 1870]]
[1.00] 23.0 | Box: [[1002, 1840], [1069, 1842], [1068, 1872], [1001, 1870]]
[1.00] 30.0 | Box: [[1122, 1843], [1187, 1843], [1187, 1872], [1122, 1872]]
[1.00] 35.0 | Box: [[1240, 1842], [1305, 1842], [1305, 1872], [1240, 1872]]
[1.00] 40.0 | Box: [[1356, 1840], [1418, 1838], [1420, 1869], [1357, 1871]]
[1.00] 45.0 | Box: [[1471, 1839], [1534, 1837], [1535, 1867], [1472, 1869]]
[0.86] (kg1 | Box: [[342, 1855], [415, 1860], [412, 1909], [339, 1904]]
[0.71] m2) | Box: [[395, 1862], [462, 1860], [463, 1900], [396, 1902]]
[0.91] 57.1 kg | Box: [[2332, 1857], [2515, 1857], [2515, 1921], [2332, 1921]]
[1.00] (48.6~59.4) | Box: [[2551, 1855], [2833, 1850], [2834, 1901], [2552, 1906]]
[1.00] 26.9 | Box: [[1122, 1874], [1243, 1874], [1243, 1922], [1122, 1922]]
[1.00] 제지방량 | Box: [[1928, 1869], [2110, 1869], [2110, 1926], [1928, 1926]]
[0.97] Body Mass Index | Box: [[123, 1888], [356, 1892], [356, 1926], [122, 1922]]
[1.00] 기초대사량 | Box: [[1930, 1932], [2145, 1932], [2145, 1985], [1930, 1985]]
[0.98] 1603 kcal(1654~1939) | Box: [[2336, 1924], [2835, 1912], [2836, 1964], [2338, 1976]]
[1.00] 체지방률 | Box: [[122, 1945], [335, 1948], [334, 2004], [121, 2001]]
[1.00] 10.0 | Box: [[764, 1952], [829, 1952], [829, 1981], [764, 1981]]
[1.00] 15.0 | Box: [[885, 1951], [947, 1951], [947, 1977], [885, 1977]]
[1.00] 20.0 | Box: [[1004, 1950], [1070, 1950], [1070, 1979], [1004, 1979]]
[1.00] 25.0 | Box: [[1123, 1950], [1187, 1950], [1187, 1979], [1123, 1979]]
[1.00] 30.0 | Box: [[1240, 1950], [1306, 1950], [1306, 1979], [1240, 1979]]
[1.00] 35.0 | Box: [[1356, 1949], [1420, 1949], [1420, 1978], [1356, 1978]]
[1.00] 40.0 | Box: [[1473, 1947], [1534, 1945], [1535, 1974], [1474, 1976]]
[1.00] 45.0 | Box: [[1586, 1945], [1652, 1945], [1652, 1974], [1586, 1974]]
[1.00] 50.0 | Box: [[1704, 1943], [1769, 1943], [1769, 1973], [1704, 1973]]
[0.98] 0.0 | Box: [[511, 1958], [562, 1958], [562, 1985], [511, 1985]]
[1.00] 5.0 | Box: [[639, 1955], [692, 1953], [694, 1983], [640, 1985]]
[0.88] 26.5 | Box: [[1209, 1980], [1331, 1980], [1331, 2027], [1209, 2027]]
[1.00] 비만도 | Box: [[1928, 1991], [2063, 1993], [2062, 2048], [1927, 2046]]
[0.97] 122%( 90~110) | Box: [[2362, 1982], [2837, 1971], [2838, 2025], [2364, 2036]]
[0.99] Percent | Box: [[123, 2002], [225, 2004], [224, 2029], [122, 2027]]
[0.99] Body | Box: [[217, 2003], [306, 2003], [306, 2031], [217, 2031]]
[1.00] Fat | Box: [[294, 2005], [347, 2005], [347, 2031], [294, 2031]]
[1.00] 권장섭취열량 | Box: [[1929, 2052], [2188, 2052], [2188, 2111], [1929, 2111]]
[0.97] 2267 kcal | Box: [[2331, 2046], [2526, 2044], [2526, 2093], [2331, 2095]]
[1.00] 운동소비열량 | Box: [[1927, 2141], [2220, 2137], [2221, 2200], [1928, 2204]]
[0.98] Calorie Expenditure of Exercise | Box: [[2219, 2165], [2552, 2151], [2554, 2182], [2220, 2196]]
[0.96] 부위별체지방분석Segmental Fat Analysis | Box: [[1021, 2177], [1821, 2186], [1821, 2263], [1020, 2254]]
[1.00] 부위별근육분석 | Box: [[104, 2189], [523, 2191], [522, 2256], [104, 2254]]
[1.00] 148 | Box: [[2729, 2190], [2818, 2190], [2818, 2236], [2729, 2236]]
[1.00] 137 | Box: [[2284, 2208], [2370, 2204], [2372, 2251], [2286, 2255]]
[1.00] 게이트볼 | Box: [[2380, 2201], [2564, 2193], [2566, 2245], [2382, 2253]]
[0.99] Segmental Lean Analysis | Box: [[519, 2216], [918, 2209], [919, 2251], [520, 2258]]
[1.00] 골프 | Box: [[1929, 2214], [2026, 2214], [2026, 2268], [1929, 2268]]
[1.00] 155 | Box: [[2729, 2249], [2815, 2249], [2815, 2294], [2729, 2294]]
[1.00] 요가 | Box: [[2378, 2259], [2476, 2252], [2479, 2306], [2382, 2313]]
[0.80] 걷기 | Box: [[1930, 2274], [2028, 2274], [2028, 2328], [1930, 2328]]
[1.00] 155 | Box: [[2282, 2270], [2367, 2263], [2371, 2308], [2286, 2315]]
[1.00] 176 | Box: [[2728, 2305], [2815, 2305], [2815, 2350], [2728, 2350]]
[1.00] 탁구 | Box: [[2378, 2315], [2478, 2310], [2480, 2368], [2380, 2373]]
[1.00] 배드민턴 | Box: [[1930, 2330], [2109, 2332], [2108, 2386], [1930, 2384]]
[1.00] 176 | Box: [[2282, 2326], [2368, 2320], [2372, 2369], [2285, 2375]]
[1.00] 233 | Box: [[2726, 2364], [2815, 2364], [2815, 2409], [2726, 2409]]
[1.00] 자전거 | Box: [[2380, 2376], [2516, 2369], [2518, 2424], [2382, 2431]]
[1.00] 테니스 | Box: [[1930, 2391], [2067, 2391], [2067, 2446], [1930, 2446]]
[1.00] 233 | Box: [[2280, 2387], [2366, 2381], [2369, 2426], [2283, 2432]]
[1.00] 표준 | Box: [[255, 2419], [360, 2421], [359, 2482], [253, 2480]]
[1.00] 표준 | Box: [[682, 2421], [789, 2421], [789, 2482], [682, 2482]]
[1.00] 표준이상 | Box: [[1134, 2422], [1321, 2424], [1320, 2480], [1134, 2478]]
[1.00] 표준이상 | Box: [[1553, 2413], [1735, 2413], [1735, 2470], [1553, 2470]]
[1.00] 233 | Box: [[2727, 2422], [2816, 2424], [2814, 2470], [2725, 2468]]
[1.00] 농구 | Box: [[2376, 2434], [2476, 2428], [2479, 2486], [2379, 2492]]
[0.99] 복싱 | Box: [[1927, 2448], [2025, 2448], [2025, 2506], [1927, 2506]]
[1.00] 233 | Box: [[2280, 2446], [2366, 2440], [2369, 2486], [2283, 2492]]
[1.00] 272 | Box: [[2726, 2483], [2814, 2483], [2814, 2529], [2726, 2529]]
[1.00] 253 | Box: [[2280, 2505], [2365, 2500], [2367, 2546], [2283, 2551]]
[1.00] 줄넘기 | Box: [[2378, 2496], [2515, 2488], [2519, 2543], [2381, 2551]]
[1.00] 등산 | Box: [[1926, 2508], [2026, 2508], [2026, 2565], [1926, 2565]]
[1.00] 272 | Box: [[2724, 2542], [2813, 2542], [2813, 2588], [2724, 2588]]
[0.97] 조깅 | Box: [[2378, 2552], [2472, 2552], [2472, 2605], [2378, 2605]]
[1.00] 에어로빅 | Box: [[1929, 2569], [2105, 2569], [2105, 2619], [1929, 2619]]
[1.00] 272 | Box: [[2279, 2564], [2365, 2559], [2367, 2604], [2281, 2608]]
[1.00] 오른 | Box: [[1734, 2610], [1828, 2610], [1828, 2660], [1734, 2660]]
[1.00] 272 | Box: [[2724, 2601], [2814, 2603], [2812, 2649], [2722, 2647]]
[1.00] 272 | Box: [[2279, 2621], [2365, 2616], [2367, 2661], [2281, 2666]]
[1.00] 수영 | Box: [[2375, 2612], [2471, 2608], [2473, 2662], [2377, 2666]]
[0.94] 왼 | Box: [[104, 2627], [159, 2626], [161, 2681], [106, 2682]]
[1.00] 표준 | Box: [[464, 2628], [572, 2628], [572, 2689], [464, 2689]]
[1.00] 오른 | Box: [[827, 2623], [928, 2623], [928, 2680], [827, 2680]]
[0.97] 왼 | Box: [[1027, 2627], [1080, 2627], [1080, 2678], [1027, 2678]]
[1.00] 표준이상 | Box: [[1337, 2622], [1524, 2615], [1526, 2675], [1339, 2682]]
[0.96] 축구 | Box: [[1924, 2623], [2025, 2623], [2025, 2681], [1924, 2681]]
[1.00] 389 | Box: [[2723, 2659], [2812, 2659], [2812, 2703], [2723, 2703]]
[1.00] 389 | Box: [[2277, 2678], [2364, 2673], [2366, 2718], [2279, 2723]]
[1.00] 라켓볼 | Box: [[2378, 2669], [2511, 2666], [2513, 2718], [2380, 2721]]
[1.00] 검도 | Box: [[1924, 2685], [2023, 2685], [2023, 2738], [1924, 2738]]
[1.00] 389 | Box: [[2721, 2716], [2812, 2716], [2812, 2760], [2721, 2760]]
[1.00] 389 | Box: [[2278, 2734], [2364, 2732], [2365, 2778], [2279, 2780]]
[1.00] 태권도 | Box: [[2377, 2728], [2511, 2722], [2513, 2773], [2379, 2779]]
[0.86] 스퀴시 | Box: [[1925, 2745], [2063, 2743], [2064, 2795], [1926, 2797]]
[1.00] 표준이상 | Box: [[1125, 2814], [1312, 2816], [1311, 2872], [1124, 2870]]
[1.00] 표준이상 | Box: [[1543, 2808], [1725, 2808], [1725, 2861], [1543, 2861]]
[0.94] * 현재 체중 기준 | Box: [[1921, 2812], [2180, 2804], [2182, 2846], [1923, 2854]]
[1.00] 표준 | Box: [[260, 2828], [362, 2828], [362, 2886], [260, 2886]]
[1.00] 표준 | Box: [[679, 2826], [785, 2822], [787, 2881], [681, 2885]]
[0.97] *30분 운동 기준 | Box: [[1922, 2856], [2188, 2847], [2190, 2889], [1924, 2898]]
[1.00] QR코드 | Box: [[1921, 2919], [2088, 2912], [2090, 2956], [1923, 2963]]
[0.95] QR Code | Box: [[2092, 2929], [2196, 2924], [2198, 2952], [2094, 2957]]
[1.00] 웹사이트에서 결과를 | Box: [[2345, 2948], [2722, 2930], [2724, 2981], [2347, 2999]]
[0.97] 확인하려면, 좌측의 | Box: [[2344, 3005], [2693, 2989], [2695, 3040], [2346, 3056]]
[0.99] * 부위별체지방분석은 추정치입니다. | Box: [[1268, 3038], [1834, 3028], [1834, 3072], [1269, 3082]]
[1.00] QR코드를 | Box: [[2346, 3065], [2530, 3058], [2532, 3102], [2348, 3109]]
[1.00] 스마트폰으로 | Box: [[2526, 3056], [2780, 3044], [2782, 3093], [2528, 3105]]
[1.00] 인식하세요. | Box: [[2348, 3118], [2558, 3112], [2560, 3161], [2350, 3167]]
[1.00] 신체변화 | Box: [[99, 3181], [339, 3167], [343, 3238], [103, 3252]]
[0.98] I Body Composition History | Box: [[323, 3192], [798, 3180], [799, 3228], [324, 3240]]
[0.99] 77.7 | Box: [[467, 3255], [617, 3243], [623, 3332], [473, 3344]]
[1.00] 체중 | Box: [[105, 3280], [211, 3280], [211, 3343], [105, 3343]]
[1.00] (kg) | Box: [[352, 3276], [443, 3276], [443, 3337], [352, 3337]]
[0.92] Weght | Box: [[103, 3338], [196, 3335], [198, 3375], [105, 3378]]
[1.00] 임피던스 | Box: [[1928, 3334], [2133, 3328], [2135, 3393], [1930, 3399]]
[1.00] Impedance | Box: [[2131, 3356], [2256, 3349], [2258, 3386], [2133, 3393]]
[0.98] RA LA TR RL LL | Box: [[2179, 3388], [2757, 3357], [2760, 3411], [2182, 3442]]
[1.00] 32.5 | Box: [[473, 3399], [610, 3391], [613, 3455], [476, 3463]]
[1.00] 골격근량 | Box: [[92, 3412], [311, 3395], [317, 3478], [98, 3495]]
[0.88] (kg) | Box: [[350, 3415], [440, 3415], [440, 3480], [350, 3480]]
[0.96] Z(2)20kHz/|335.0 324.4 24.4 287.9285.6 | Box: [[1935, 3451], [2777, 3407], [2780, 3461], [1938, 3505]]
[1.00] Skeletal Muscle Mass | Box: [[103, 3482], [367, 3462], [370, 3500], [106, 3520]]
[0.97] 100kHz 294.3286.421.4 244.1241.4 | Box: [[2018, 3500], [2776, 3460], [2778, 3511], [2020, 3551]]
[1.00] 26.5 | Box: [[474, 3541], [617, 3536], [619, 3611], [476, 3616]]
[1.00] 체지방률 | Box: [[104, 3567], [306, 3550], [312, 3622], [109, 3639]]
[0.98] (%) | Box: [[355, 3564], [445, 3564], [445, 3629], [355, 3629]]
[0.96] Percent Boxy | Box: [[110, 3633], [278, 3623], [280, 3663], [112, 3673]]
[1.00] Fat | Box: [[272, 3625], [322, 3621], [324, 3657], [274, 3661]]
[0.94] 26.01.21 | Box: [[465, 3674], [636, 3672], [636, 3718], [465, 3720]]
[1.00] 전체 | Box: [[323, 3686], [434, 3686], [434, 3753], [323, 3753]]
[1.00] 최근 | Box: [[144, 3698], [242, 3698], [242, 3764], [144, 3764]]
[0.30] D | Box: [[303, 3700], [349, 3700], [349, 3741], [303, 3741]]
[1.00] 07:11 | Box: [[496, 3715], [606, 3715], [606, 3758], [496, 3758]]
